image: staircorridor-floor5.pgm
resolution: 0.050000
origin: [-33.800000, -29.000000, 0.000000]
negate: 0
occupied_thresh: 0.65
free_thresh: 0.196

